<TICKER>,<PER>,<DATE>,<TIME>,<OPEN>,<HIGH>,<LOW>,<CLOSE>,<VOL>,<OPENINT>
Индекс ММВБ,W,20111128,000000,1454.66,1523.86,1447.73,1505.77,0,0
Индекс ММВБ,W,20111205,000000,1505.77,1521.3,1390.74,1396.28,0,0
Индекс ММВБ,W,20111212,000000,1396.28,1427.29,1323.2,1383.42,0,0
Индекс ММВБ,W,20111219,000000,1383.42,1410.22,1358.65,1376.11,0,0
Индекс ММВБ,W,20111226,000000,1376.11,1409.58,1360.99,1402.23,0,0
Индекс ММВБ,W,20120102,000000,1402.25,1458.14,1401.21,1440.6,0,0
Индекс ММВБ,W,20120109,000000,1440.6,1485.17,1432.01,1463.43,0,0
Индекс ММВБ,W,20120116,000000,1463.44,1506.84,1445.94,1491.15,0,0
Индекс ММВБ,W,20120123,000000,1491.05,1519.55,1477.02,1508.04,0,0
Индекс ММВБ,W,20120130,000000,1508.04,1565.52,1492.03,1564.82,0,0
Индекс ММВБ,W,20120206,000000,1564.82,1571.7,1521.78,1525.17,0,0
Индекс ММВБ,W,20120213,000000,1525.21,1585.15,1524.56,1568.54,0,0
Индекс ММВБ,W,20120220,000000,1568.54,1595.58,1534.93,1594.55,0,0
Индекс ММВБ,W,20120227,000000,1594.5,1608.75,1570.24,1608.08,0,0
Индекс ММВБ,W,20120305,000000,1608.08,1629.55,1551.07,1606.33,0,0
Индекс ММВБ,W,20120312,000000,1606.37,1639.63,1592.53,1618.99,0,0
Индекс ММВБ,W,20120319,000000,1618.99,1626.83,1518.24,1540.97,0,0
Индекс ММВБ,W,20120326,000000,1540.39,1574.27,1486.93,1517.34,0,0
Индекс ММВБ,W,20120402,000000,1517.33,1556.53,1494.64,1497.19,0,0
Индекс ММВБ,W,20120409,000000,1497.19,1520.37,1477.46,1502.65,0,0
Индекс ММВБ,W,20120416,000000,1502.67,1506.82,1463.02,1505.1,0,0
Индекс ММВБ,W,20120423,000000,1505.1,1505.14,1439.92,1473.5,0,0
Индекс ММВБ,W,20120430,000000,1473.5,1489.92,1381.25,1386.41,0,0
Индекс ММВБ,W,20120507,000000,1386.41,1418.11,1350.14,1385.81,0,0
Индекс ММВБ,W,20120514,000000,1385.81,1388.3,1246.15,1271.48,0,0
Индекс ММВБ,W,20120521,000000,1271.28,1307.09,1241.58,1281.6,0,0
Индекс ММВБ,W,20120528,000000,1281.61,1329.35,1278.56,1298.08,0,0
Индекс ММВБ,W,20120604,000000,1298.08,1341.33,1280.1,1338.07,0,0
Индекс ММВБ,W,20120611,000000,1338.07,1379.74,1333.37,1375.23,0,0
Индекс ММВБ,W,20120618,000000,1375.21,1397.34,1342.23,1347.15,0,0
Индекс ММВБ,W,20120625,000000,1347.16,1390.08,1325.74,1387.52,0,0
Индекс ММВБ,W,20120702,000000,1387.52,1458.46,1383.67,1414.28,0,0
Индекс ММВБ,W,20120709,000000,1414.29,1433.56,1379.11,1416.5,0,0
Индекс ММВБ,W,20120716,000000,1416.48,1444.85,1412.98,1415.38,0,0
Индекс ММВБ,W,20120723,000000,1415.38,1416.4,1353.58,1406.3,0,0
Индекс ММВБ,W,20120730,000000,1406.3,1432.43,1386.94,1421.28,0,0
Индекс ММВБ,W,20120806,000000,1421.22,1462.68,1417.27,1441.59,0,0
Индекс ММВБ,W,20120813,000000,1441.88,1467.19,1433.66,1444.27,0,0
Индекс ММВБ,W,20120820,000000,1444.26,1470.75,1419.95,1454.08,0,0
Индекс ММВБ,W,20120827,000000,1454.08,1460.02,1417.79,1422.91,0,0
Индекс ММВБ,W,20120903,000000,1422.9,1484.68,1420.32,1474.58,0,0
Индекс ММВБ,W,20120910,000000,1474.58,1541.7,1464.9,1535.38,0,0
Индекс ММВБ,W,20120917,000000,1535.38,1539.58,1480.82,1496.65,0,0
Индекс ММВБ,W,20120924,000000,1496.63,1499.26,1438.44,1458.26,0,0
Индекс ММВБ,W,20121001,000000,1458.3,1491.3,1451.95,1477.6,0,0
Индекс ММВБ,W,20121008,000000,1477.6,1480.97,1440.65,1446.01,0,0
Индекс ММВБ,W,20121015,000000,1446.01,1486.88,1439.79,1460.06,0,0
Индекс ММВБ,W,20121022,000000,1460.04,1476.09,1424.5,1433.52,0,0
Индекс ММВБ,W,20121029,000000,1433.51,1444.38,1407.46,1440.25,0,0
Индекс ММВБ,W,20121105,000000,1440.25,1453.47,1392.8,1401.32,0,0
Индекс ММВБ,W,20121112,000000,1401.19,1410.83,1360.07,1383.66,0,0
Индекс ММВБ,W,20121119,000000,1383.65,1414.05,1383.09,1413.15,0,0
Индекс ММВБ,W,20121126,000000,1413.15,1417.53,1378.7,1405.97,0,0
Индекс ММВБ,W,20121203,000000,1405.97,1449.44,1403.7,1441.47,0,0
Индекс ММВБ,W,20121210,000000,1441.47,1472.01,1438.51,1466.15,0,0
Индекс ММВБ,W,20121217,000000,1466.16,1490.51,1458.44,1477.44,0,0
Индекс ММВБ,W,20121224,000000,1477.44,1482.35,1467.21,1474.72,0,0
Индекс ММВБ,W,20130107,000000,1474.73,1518.41,1474.73,1510.84,0,0
Индекс ММВБ,W,20130114,000000,1510.84,1542.11,1507.33,1540.55,0,0
Индекс ММВБ,W,20130121,000000,1540.57,1544.85,1517.01,1544.02,0,0
Индекс ММВБ,W,20130128,000000,1544.02,1566.42,1535.52,1547.22,0,0
Индекс ММВБ,W,20130204,000000,1547.22,1553.38,1510.83,1519.91,0,0
Индекс ММВБ,W,20130211,000000,1519.93,1550.03,1500.79,1508.17,0,0
Индекс ММВБ,W,20130218,000000,1508.19,1526.34,1486.49,1496.61,0,0
Индекс ММВБ,W,20130225,000000,1496.61,1506.47,1466.84,1473.54,0,0
Индекс ММВБ,W,20130304,000000,1473.54,1498.29,1461.45,1491.35,0,0
Индекс ММВБ,W,20130311,000000,1491.14,1516.49,1490.35,1495.11,0,0
Индекс ММВБ,W,20130318,000000,1495.71,1497.9,1440.27,1441.36,0,0
Индекс ММВБ,W,20130325,000000,1441.26,1458.58,1407.22,1438.57,0,0
Индекс ММВБ,W,20130401,000000,1438.84,1442.7,1410.47,1416.69,0,0
Индекс ММВБ,W,20130408,000000,1417.28,1432.55,1380.57,1385.84,0,0
Индекс ММВБ,W,20130415,000000,1385.62,1387.94,1328.84,1338.43,0,0
Индекс ММВБ,W,20130422,000000,1338.67,1386.31,1320.73,1372.04,0,0
Индекс ММВБ,W,20130429,000000,1373.57,1408.05,1360.54,1408.03,0,0
Индекс ММВБ,W,20130506,000000,1408.03,1446.34,1406.2,1426.25,0,0
Индекс ММВБ,W,20130513,000000,1426.25,1427.03,1372.57,1401.79,0,0
Индекс ММВБ,W,20130520,000000,1401.43,1453.69,1376.22,1380.88,0,0
Индекс ММВБ,W,20130527,000000,1380.92,1404.42,1340.39,1350.17,0,0
Индекс ММВБ,W,20130603,000000,1350.17,1358.05,1314.38,1343.9,0,0
Индекс ММВБ,W,20130610,000000,1343.9,1357.18,1271.39,1299.61,0,0
Индекс ММВБ,W,20130617,000000,1300.02,1342.28,1290.47,1298.89,0,0
Индекс ММВБ,W,20130624,000000,1298.41,1330.81,1284.9,1330.46,0,0
Индекс ММВБ,W,20130701,000000,1330.46,1360.8,1319.81,1342.72,0,0
Индекс ММВБ,W,20130708,000000,1343.25,1398.48,1330.73,1398.22,0,0
Индекс ММВБ,W,20130715,000000,1396.38,1439.6,1393.4,1421.67,0,0
Индекс ММВБ,W,20130722,000000,1421.67,1432.3,1396.11,1403.14,0,0
Индекс ММВБ,W,20130729,000000,1403.31,1410.73,1375.38,1392.15,0,0
Индекс ММВБ,W,20130805,000000,1391.79,1400.24,1353.71,1382.72,0,0
Индекс ММВБ,W,20130812,000000,1382.74,1425.1,1372.03,1380.31,0,0
Индекс ММВБ,W,20130819,000000,1380.56,1401.67,1365.22,1393.21,0,0
Индекс ММВБ,W,20130826,000000,1392.42,1403.88,1355.7,1364.65,0,0
Индекс ММВБ,W,20130902,000000,1364.75,1448.75,1364.27,1423.4,0,0
Индекс ММВБ,W,20130909,000000,1423.4,1464.2,1421.45,1440.74,0,0
Индекс ММВБ,W,20130916,000000,1441.06,1501.32,1438.79,1476.73,0,0
Индекс ММВБ,W,20130923,000000,1476.69,1490.02,1459.13,1471.89,0,0
Индекс ММВБ,W,20130930,000000,1472.23,1474.9,1449.76,1474.21,0,0
Индекс ММВБ,W,20131007,000000,1474.45,1524.35,1462.85,1513.03,0,0
Индекс ММВБ,W,20131014,000000,1511.81,1537.28,1501.48,1533.35,0,0
Индекс ММВБ,W,20131021,000000,1535.22,1538.75,1493.18,1504.48,0,0
Индекс ММВБ,W,20131028,000000,1504.7,1527.4,1498.39,1515.15,0,0
Индекс ММВБ,W,20131104,000000,1515.15,1521.02,1486.51,1489.55,0,0
Индекс ММВБ,W,20131111,000000,1488.89,1503.45,1464.59,1493.79,0,0
Индекс ММВБ,W,20131118,000000,1494.53,1517.64,1489.98,1504.1,0,0
Индекс ММВБ,W,20131125,000000,1504.21,1513.33,1467.32,1479.35,0,0
Индекс ММВБ,W,20131202,000000,1479.32,1488.97,1425.31,1448.67,0,0
Индекс ММВБ,W,20131209,000000,1448.67,1471.29,1444.62,1452.76,0,0
Индекс ММВБ,W,20131216,000000,1452.63,1509.2,1445,1497.23,0,0
Индекс ММВБ,W,20131223,000000,1497.31,1510.9,1494.33,1494.83,0,0
Индекс ММВБ,W,20131230,000000,1496.27,1504.85,1492.08,1504.08,0,0
Индекс ММВБ,W,20140106,000000,1504.14,1504.33,1454.75,1469.19,0,0
Индекс ММВБ,W,20140113,000000,1469.19,1495.05,1453.85,1486.88,0,0
Индекс ММВБ,W,20140120,000000,1485.75,1511.7,1483.25,1494.58,0,0
Индекс ММВБ,W,20140127,000000,1494.18,1495.27,1444.39,1454.45,0,0
Индекс ММВБ,W,20140203,000000,1453.55,1480.6,1426.29,1478.48,0,0
Индекс ММВБ,W,20140210,000000,1478.22,1498.62,1473.3,1496.18,0,0
Индекс ММВБ,W,20140217,000000,1494.38,1518.13,1467.52,1487.64,0,0
Индекс ММВБ,W,20140224,000000,1487.51,1495.13,1429.25,1444.71,0,0
Индекс ММВБ,W,20140303,000000,1438.02,1438.02,1261.76,1339.36,0,0
Индекс ММВБ,W,20140310,000000,1338.5,1338.5,1182.86,1237.43,0,0
Индекс ММВБ,W,20140317,000000,1237.52,1352.68,1237.52,1307.34,0,0
Индекс ММВБ,W,20140324,000000,1307.34,1359.88,1288.97,1344.12,0,0
Индекс ММВБ,W,20140331,000000,1344.15,1388,1343.27,1382.41,0,0
Индекс ММВБ,W,20140407,000000,1380.15,1380.15,1334.63,1362.4,0,0
Индекс ММВБ,W,20140414,000000,1362.04,1362.46,1300.75,1356.54,0,0
Индекс ММВБ,W,20140421,000000,1356.48,1359.21,1277.92,1280.12,0,0
Индекс ММВБ,W,20140428,000000,1278.12,1318.36,1260.39,1304.84,0,0
Индекс ММВБ,W,20140505,000000,1302.99,1383.84,1289.8,1371.42,0,0
Индекс ММВБ,W,20140512,000000,1372.09,1399.52,1362.93,1392.3,0,0
Индекс ММВБ,W,20140519,000000,1392.51,1446.72,1392.42,1438.98,0,0
Индекс ММВБ,W,20140526,000000,1439.15,1456.7,1408.77,1432.03,0,0
Индекс ММВБ,W,20140602,000000,1432.67,1486.59,1432.67,1484.94,0,0
Индекс ММВБ,W,20140609,000000,1485.27,1501.18,1475.97,1501.18,0,0
Индекс ММВБ,W,20140616,000000,1501.17,1508.95,1467.09,1486.3,0,0
Индекс ММВБ,W,20140623,000000,1486.33,1519.09,1465.15,1477.32,0,0
Индекс ММВБ,W,20140630,000000,1477.29,1522.21,1460.38,1489.53,0,0
Индекс ММВБ,W,20140707,000000,1489.55,1532.08,1480.26,1499.82,0,0
Индекс ММВБ,W,20140714,000000,1500.29,1502.68,1410.48,1422.53,0,0
Индекс ММВБ,W,20140721,000000,1422.53,1424.64,1384.5,1388.41,0,0
Индекс ММВБ,W,20140728,000000,1387.12,1403.6,1356.62,1374.83,0,0
Индекс ММВБ,W,20140804,000000,1375.73,1386.43,1306.8,1348.21,0,0
Индекс ММВБ,W,20140811,000000,1350.42,1425.76,1350.42,1417.82,0,0
Индекс ММВБ,W,20140818,000000,1418.05,1469.44,1415.35,1446.6,0,0
Индекс ММВБ,W,20140825,000000,1446.86,1460,1400.44,1400.71,0,0
Индекс ММВБ,W,20140901,000000,1401.34,1481.15,1386.31,1474.71,0,0
Индекс ММВБ,W,20140908,000000,1474.38,1479.64,1440.23,1458.52,0,0
Индекс ММВБ,W,20140915,000000,1457.87,1483.66,1423.44,1431.58,0,0
Индекс ММВБ,W,20140922,000000,1431.12,1454.26,1412.83,1434.2,0,0
Индекс ММВБ,W,20140929,000000,1434.99,1444.93,1372.43,1384.66,0,0
Индекс ММВБ,W,20141006,000000,1385.97,1424.35,1359.4,1364.24,0,0
Индекс ММВБ,W,20141013,000000,1364.11,1408.56,1354.6,1384.72,0,0
Индекс ММВБ,W,20141020,000000,1385.26,1395.92,1355.24,1380.39,0,0
Индекс ММВБ,W,20141027,000000,1381.95,1488.47,1381.95,1488.47,0,0
Индекс ММВБ,W,20141103,000000,1488.15,1526.08,1471.25,1497.11,0,0
Индекс ММВБ,W,20141110,000000,1498.62,1531.92,1481.97,1500.76,0,0
Индекс ММВБ,W,20141117,000000,1506.78,1541.52,1495.09,1538.93,0,0
Индекс ММВБ,W,20141124,000000,1539.95,1548.17,1516.18,1533.68,0,0
Индекс ММВБ,W,20141201,000000,1532.89,1623.02,1525.35,1529.2,0,0
Индекс ММВБ,W,20141208,000000,1529.73,1551.66,1413.04,1459.68,0,0
Индекс ММВБ,W,20141215,000000,1459.25,1506.13,1309.6,1449.13,0,0
Индекс ММВБ,W,20141222,000000,1452.95,1466.34,1383.61,1417.8,0,0
Индекс ММВБ,W,20141229,000000,1417.53,1489.75,1378.54,1396.61,0,0
Индекс ММВБ,W,20150105,000000,1394.66,1564.87,1390.53,1515.37,0,0
Индекс ММВБ,W,20150112,000000,1515.23,1594.06,1499.57,1591.43,0,0
Индекс ММВБ,W,20150119,000000,1590.54,1700.78,1561.8,1671.8,0,0
Индекс ММВБ,W,20150126,000000,1670.23,1706.39,1614.16,1647.69,0,0
Индекс ММВБ,W,20150202,000000,1647.74,1762.39,1616.27,1755.45,0,0
Индекс ММВБ,W,20150209,000000,1755.7,1839.71,1729.77,1838.18,0,0
Индекс ММВБ,W,20150216,000000,1838.21,1848.15,1757.33,1792.7,0,0
Индекс ММВБ,W,20150223,000000,1786.49,1786.49,1727.7,1758.97,0,0
Индекс ММВБ,W,20150302,000000,1759.25,1825.94,1723.09,1728.55,0,0
Индекс ММВБ,W,20150309,000000,1726.86,1726.86,1621.86,1627.88,0,0
Индекс ММВБ,W,20150316,000000,1626.77,1652.73,1599.57,1628.64,0,0
Индекс ММВБ,W,20150323,000000,1629.29,1639.06,1569.61,1571.55,0,0
Индекс ММВБ,W,20150330,000000,1571.77,1692.95,1571.62,1681.47,0,0
Индекс ММВБ,W,20150406,000000,1681.8,1709.88,1635.85,1657.02,0,0
Индекс ММВБ,W,20150413,000000,1657.1,1694.94,1641.8,1656.59,0,0
Индекс ММВБ,W,20150420,000000,1657.63,1712.91,1633.12,1682.7,0,0
Индекс ММВБ,W,20150427,000000,1682.82,1698.65,1666.52,1688.34,0,0
Индекс ММВБ,W,20150504,000000,1689.55,1734.34,1676.21,1708.52,0,0
Индекс ММВБ,W,20150511,000000,1708.42,1720.01,1672.2,1691.46,0,0
Индекс ММВБ,W,20150518,000000,1691.53,1696.49,1631.77,1665.66,0,0
